{
	"asset": {
		"generator": "SOLIDWORKSGLTF",
		"version" : "2.0"
	},
"extensionsUsed": [ "KHR_lights_punctual", "Solidworks_custom_properties", "KHR_draco_mesh_compression"],
"extensionsRequired": [ "KHR_draco_mesh_compression" ],
	"scene" : 0,
	"scenes": [
		{
			"name": "Default - Display State-1",
			"nodes": [
				0, 1]
		}
	],
	"nodes": [
		{
			"matrix": [
				0.707107,					0,					-0.707107,					0,
				0,					1,					0,					0,
				0.707107,					0,					0.707107,					0,
				3.90698,					0.0847498,					3.27794,					1
			]
			,"camera": 0
			,"name": "current"		}
,
		{
			"children": [
				2, 3, 4, 5, 6, 7, 8, 9, 10, 11, 12, 13, 14, 15, 16, 105
			]
			,"name": "Engine"		}
,
		{
			"matrix": [
				1.28182e-14,					1,					2.34747e-16,					0,
				-1,					1.28182e-14,					-5.22935e-16,					0,
				-5.22935e-16,					-2.34747e-16,					1,					0,
				0.125,					-0.131078,					0.0155424,					1
			]
			,"mesh": 0
			,"name": "hex flange screw_am-5"		}
,
		{
			"matrix": [
				1.28182e-14,					1,					2.34747e-16,					0,
				-1,					1.28182e-14,					-5.22935e-16,					0,
				-5.22935e-16,					-2.34747e-16,					1,					0,
				-0.056584,					-0.131078,					0.203107,					1
			]
			,"mesh": 1
			,"name": "hex flange screw_am-10"		}
,
		{
			"matrix": [
				1.28182e-14,					1,					2.34747e-16,					0,
				-1,					1.28182e-14,					-5.22935e-16,					0,
				-5.22935e-16,					-2.34747e-16,					1,					0,
				0.125,					-0.131078,					0.140586,					1
			]
			,"mesh": 2
			,"name": "hex flange screw_am-9"		}
,
		{
			"matrix": [
				1.28182e-14,					1,					2.34747e-16,					0,
				-1,					1.28182e-14,					-5.22935e-16,					0,
				-5.22935e-16,					-2.34747e-16,					1,					0,
				-0.056584,					-0.131078,					-0.0469793,					1
			]
			,"mesh": 3
			,"name": "hex flange screw_am-4"		}
,
		{
			"matrix": [
				1.28182e-14,					1,					2.34747e-16,					0,
				-1,					1.28182e-14,					-5.22935e-16,					0,
				-5.22935e-16,					-2.34747e-16,					1,					0,
				-0.056584,					-0.131078,					0.0155424,					1
			]
			,"mesh": 4
			,"name": "hex flange screw_am-6"		}
,
		{
			"matrix": [
				1.28182e-14,					1,					2.34747e-16,					0,
				-1,					1.28182e-14,					-5.22935e-16,					0,
				-5.22935e-16,					-2.34747e-16,					1,					0,
				-0.056584,					-0.131078,					0.140586,					1
			]
			,"mesh": 5
			,"name": "hex flange screw_am-11"		}
,
		{
			"matrix": [
				1.28182e-14,					1,					2.34747e-16,					0,
				-1,					1.28182e-14,					-5.22935e-16,					0,
				-5.22935e-16,					-2.34747e-16,					1,					0,
				0.125,					-0.131078,					0.0780641,					1
			]
			,"mesh": 6
			,"name": "hex flange screw_am-7"		}
,
		{
			"matrix": [
				1.28182e-14,					1,					2.34747e-16,					0,
				-1,					1.28182e-14,					-5.22935e-16,					0,
				-5.22935e-16,					-2.34747e-16,					1,					0,
				0.125,					-0.131078,					-0.0469793,					1
			]
			,"mesh": 7
			,"name": "hex flange screw_am-3"		}
,
		{
			"matrix": [
				1.29112e-14,					1,					-2.88658e-14,					0,
				-1,					1.29112e-14,					6.80837e-17,					0,
				6.80837e-17,					2.88658e-14,					1,					0,
				-0.0752776,					0.0651078,					-0.0145372,					1
			]
			,"mesh": 8
			,"name": "oil filter-1"		}
,
		{
			"matrix": [
				1.28182e-14,					1,					2.34747e-16,					0,
				-1,					1.28182e-14,					-5.22935e-16,					0,
				-5.22935e-16,					-2.34747e-16,					1,					0,
				-0.056584,					-0.131078,					-0.109501,					1
			]
			,"mesh": 9
			,"name": "hex flange screw_am-1"		}
,
		{
			"matrix": [
				1.28182e-14,					1,					2.34747e-16,					0,
				-1,					1.28182e-14,					-5.22935e-16,					0,
				-5.22935e-16,					-2.34747e-16,					1,					0,
				0.125,					-0.131078,					-0.109501,					1
			]
			,"mesh": 10
			,"name": "hex flange screw_am-2"		}
,
		{
			"matrix": [
				1.28182e-14,					1,					2.34747e-16,					0,
				-1,					1.28182e-14,					-5.22935e-16,					0,
				-5.22935e-16,					-2.34747e-16,					1,					0,
				-0.056584,					-0.131078,					0.0780641,					1
			]
			,"mesh": 11
			,"name": "hex flange screw_am-8"		}
,
		{
			"matrix": [
				1.28182e-14,					1,					2.34747e-16,					0,
				-0.816321,					1.05993e-14,					-0.577599,					0,
				-0.577599,					7.21212e-15,					0.816321,					0,
				0.125,					-0.131078,					0.203107,					1
			]
			,"mesh": 12
			,"name": "hex flange screw_am-12"		}
,
		{
			"matrix": [
				1,					0,					0,					0,
				0,					1,					0,					0,
				0,					0,					1,					0,
				0.0332161,					0.125357,					0.254787,					1
			]
			,"mesh": 13
			,"name": "belt-1"		}
,
		{
			"children": [
				17, 18, 19, 20, 21, 28, 29, 30, 31, 32, 33, 34, 35, 36, 37, 38, 39, 40, 41, 42, 43, 50, 51, 52, 53, 60, 61, 62, 63, 64, 65, 66, 67, 68, 69, 70, 71, 72, 73, 74, 75, 82, 83, 84, 85, 86, 87, 88, 89, 90, 91, 92, 93, 94, 95, 96, 97, 98, 99, 100, 101, 102, 103, 104
			]
			,"matrix": [
				1,					0,					0,					0,
				0,					1,					0,					0,
				0,					0,					1,					0,
				-0.178647,					-0.00174728,					0.0954569,					1
			]
			,"name": "PistonBlock-1"		}
,
		{
			"matrix": [
				1,					0,					0,					0,
				0,					1,					0,					0,
				0,					0,					1,					0,
				-0.0833596,					-0.070993,					-0.0826794,					1
			]
			,"mesh": 14
			,"name": "BearingCap-1"		}
,
		{
			"matrix": [
				-1,					1.06943e-13,					7.52874e-16,					0,
				-1.06943e-13,					-1,					3.59299e-16,					0,
				7.52874e-16,					3.59299e-16,					1,					0,
				0.211268,					-0.0211212,					0.0125059,					1
			]
			,"mesh": 15
			,"name": "JournalBearing-25"		}
,
		{
			"matrix": [
				3.70736e-16,					4.43993e-16,					1,					0,
				-0.238252,					-0.971203,					5.19536e-16,					0,
				0.971203,					-0.238252,					-2.54278e-16,					0,
				0.484413,					-0.0881769,					-0.381287,					1
			]
			,"mesh": 16
			,"name": "CrankShaft-2"		}
,
		{
			"matrix": [
				1,					0,					0,					0,
				0,					1,					0,					0,
				0,					0,					1,					0,
				-0.0833596,					-0.070993,					0.267321,					1
			]
			,"mesh": 17
			,"name": "EngineBlock-1"		}
,
		{
			"children": [
				22, 23, 24, 25, 26, 27
			]
			,"matrix": [
				4.6806e-16,					9.88143e-16,					-1,					0,
				-0.725415,					0.688312,					3.40612e-16,					0,
				0.688312,					0.725415,					1.03898e-15,					0,
				0.0620526,					0.114196,					0.82266,					1
			]
			,"name": "Piston Assembly-1"		}
,
		{
			"matrix": [
				1,					-7.94671e-14,					7.17966e-14,					0,
				2.61583e-15,					0.688312,					0.725415,					0,
				-1.07065e-13,					-0.725415,					0.688312,					0,
				1.02015,					-0.100091,					0.110556,					1
			]
			,"mesh": 18
			,"name": "CompressionRing-1"		}
,
		{
			"matrix": [
				1,					-7.94671e-14,					7.17966e-14,					0,
				2.61583e-15,					0.688312,					0.725415,					0,
				-1.07065e-13,					-0.725415,					0.688312,					0,
				1.02015,					-0.102844,					0.107654,					1
			]
			,"mesh": 19
			,"name": "CompressionRing-2"		}
,
		{
			"matrix": [
				1,					-7.80643e-14,					7.3033e-14,					0,
				7.53395e-16,					0.688312,					0.725415,					0,
				-1.06898e-13,					-0.725415,					0.688312,					0,
				1.02015,					-0.105598,					0.104752,					1
			]
			,"mesh": 20
			,"name": "Oilring-1"		}
,
		{
			"matrix": [
				1.04891e-15,					0.862304,					0.506391,					0,
				1.60869e-15,					-0.506391,					0.862304,					0,
				1,					-8.9851e-17,					-1.91834e-15,					0,
				1.0144,					-0.194569,					-0.0744179,					1
			]
			,"mesh": 21
			,"name": "ConnectingRodMain-1"		}
,
		{
			"matrix": [
				-1,					-3.05385e-16,					3.89574e-15,					0,
				-2.61583e-15,					-0.688312,					-0.725415,					0,
				2.90302e-15,					-0.725415,					0.688312,					0,
				1.02015,					-0.0959612,					0.114908,					1
			]
			,"mesh": 22
			,"name": "Piston Head-3"		}
,
		{
			"matrix": [
				3.71715e-15,					-0.381849,					0.924225,					0,
				1,					3.05385e-16,					-3.89574e-15,					0,
				1.20534e-15,					0.924225,					0.381849,					0,
				0.985154,					-0.117987,					0.0916949,					1
			]
			,"mesh": 23
			,"name": "PistonPin-1"		}
,
		{
			"matrix": [
				-1,					1.3013e-14,					7.52874e-16,					0,
				-1.3013e-14,					-1,					3.59299e-16,					0,
				7.52874e-16,					3.59299e-16,					1,					0,
				0.211268,					-0.0211212,					-0.249994,					1
			]
			,"mesh": 24
			,"name": "JournalBearing-15"		}
,
		{
			"matrix": [
				-1,					1.33111e-14,					7.68299e-16,					0,
				1.2978e-14,					1,					-6.53139e-16,					0,
				-7.68299e-16,					-6.53139e-16,					-1,					0,
				0.211268,					-0.0209682,					-0.232494,					1
			]
			,"mesh": 25
			,"name": "JournalBearing-20"		}
,
		{
			"matrix": [
				-1,					1.05475e-13,					7.52874e-16,					0,
				-1.05475e-13,					-1,					3.59299e-16,					0,
				7.52874e-16,					3.59299e-16,					1,					0,
				0.211268,					-0.0211212,					0.100006,					1
			]
			,"mesh": 26
			,"name": "JournalBearing-26"		}
,
		{
			"matrix": [
				-1,					1.3013e-14,					7.52874e-16,					0,
				-1.3013e-14,					-1,					3.59299e-16,					0,
				7.52874e-16,					3.59299e-16,					1,					0,
				0.211268,					-0.0211212,					-0.162494,					1
			]
			,"mesh": 27
			,"name": "JournalBearing-27"		}
,
		{
			"matrix": [
				-1,					1.06943e-13,					7.52874e-16,					0,
				-1.06943e-13,					-1,					3.59299e-16,					0,
				7.52874e-16,					3.59299e-16,					1,					0,
				0.211268,					-0.0211212,					-0.0749941,					1
			]
			,"mesh": 28
			,"name": "JournalBearing-28"		}
,
		{
			"matrix": [
				1,					0,					0,					0,
				0,					1,					0,					0,
				0,					0,					1,					0,
				0.210246,					-0.0209682,					-0.0749941,					1
			]
			,"mesh": 29
			,"name": "JournalBearing-29"		}
,
		{
			"matrix": [
				1,					0,					0,					0,
				0,					1,					0,					0,
				0,					0,					1,					0,
				0.210246,					-0.0209682,					-0.162494,					1
			]
			,"mesh": 30
			,"name": "JournalBearing-30"		}
,
		{
			"matrix": [
				1,					0,					0,					0,
				0,					1,					0,					0,
				0,					0,					1,					0,
				0.210246,					-0.0209682,					0.100006,					1
			]
			,"mesh": 31
			,"name": "JournalBearing-31"		}
,
		{
			"matrix": [
				1,					0,					0,					0,
				0,					1,					0,					0,
				0,					0,					1,					0,
				0.210246,					-0.0209682,					0.0125059,					1
			]
			,"mesh": 32
			,"name": "JournalBearing-32"		}
,
		{
			"matrix": [
				1,					0,					0,					0,
				0,					1,					0,					0,
				0,					0,					1,					0,
				-0.0833596,					-0.070993,					0.267321,					1
			]
			,"mesh": 33
			,"name": "BearingCap-6"		}
,
		{
			"matrix": [
				1,					0,					0,					0,
				0,					1,					0,					0,
				0,					0,					1,					0,
				-0.0833596,					-0.070993,					0.179821,					1
			]
			,"mesh": 34
			,"name": "BearingCap-7"		}
,
		{
			"matrix": [
				1,					0,					0,					0,
				0,					1,					0,					0,
				0,					0,					1,					0,
				-0.0833596,					-0.070993,					0.0923206,					1
			]
			,"mesh": 35
			,"name": "BearingCap-8"		}
,
		{
			"matrix": [
				1,					0,					0,					0,
				0,					1,					0,					0,
				0,					0,					1,					0,
				-0.0833596,					-0.070993,					0.00482064,					1
			]
			,"mesh": 36
			,"name": "BearingCap-9"		}
,
		{
			"matrix": [
				0.276973,					-0.960878,					1.36716e-16,					0,
				0.960078,					0.276742,					-0.0408009,					0,
				0.0392047,					0.0113008,					0.999167,					0,
				0.213924,					-0.0100702,					0.0650059,					1
			]
			,"mesh": 37
			,"name": "hex flange screw_am-18"		}
,
		{
			"matrix": [
				0.276973,					-0.960878,					2.29065e-16,					0,
				0.613054,					0.176713,					-0.770025,					0,
				0.7399,					0.213276,					0.638014,					0,
				0.266398,					0.00505529,					-0.197494,					1
			]
			,"mesh": 38
			,"name": "hex flange screw_am-24"		}
,
		{
			"children": [
				44, 45, 46, 47, 48, 49
			]
			,"matrix": [
				1,					-1.50461e-07,					-2.2057e-15,					0,
				1.50461e-07,					1,					-2.24912e-15,					0,
				2.2057e-15,					2.24912e-15,					1,					0,
				-0.183643,					0.0292701,					-0.203231,					1
			]
			,"name": "Piston Assembly-7"		}
,
		{
			"matrix": [
				0.99503,					1.49713e-07,					0.0995799,					0,
				-1.50461e-07,					1,					2.01559e-15,					0,
				-0.0995799,					-1.49829e-08,					0.99503,					0,
				0.3944,					0.0962311,					0.268237,					1
			]
			,"mesh": 39
			,"name": "CompressionRing-1"		}
,
		{
			"matrix": [
				1,					1.50461e-07,					2.2057e-15,					0,
				-1.50461e-07,					1,					2.24912e-15,					0,
				-2.2057e-15,					-2.24912e-15,					1,					0,
				0.3944,					0.0922311,					0.268237,					1
			]
			,"mesh": 40
			,"name": "CompressionRing-2"		}
,
		{
			"matrix": [
				1,					1.50461e-07,					2.2057e-15,					0,
				-1.50461e-07,					1,					2.24912e-15,					0,
				-2.2057e-15,					-2.24912e-15,					1,					0,
				0.3944,					0.0882311,					0.268237,					1
			]
			,"mesh": 41
			,"name": "Oilring-1"		}
,
		{
			"matrix": [
				-0.276973,					0.960878,					1.41349e-15,					0,
				-0.960878,					-0.276973,					-1.91942e-15,					0,
				-1.45283e-15,					-1.88982e-15,					1,					0,
				0.536362,					-0.0451168,					0.262487,					1
			]
			,"mesh": 42
			,"name": "ConnectingRodMain-1"		}
,
		{
			"matrix": [
				1.21718e-15,					2.01559e-15,					-1,					0,
				1.50461e-07,					-1,					-2.01559e-15,					0,
				-1,					-1.50461e-07,					-1.21718e-15,					0,
				0.3944,					0.102231,					0.268237,					1
			]
			,"mesh": 43
			,"name": "Piston Head-3"		}
,
		{
			"matrix": [
				-0.924225,					-0.381849,					-1.44202e-15,					0,
				-1.47405e-15,					-2.08627e-16,					1,					0,
				-0.381849,					0.924225,					-3.70047e-16,					0,
				0.3944,					0.0702311,					0.233237,					1
			]
			,"mesh": 44
			,"name": "PistonPin-1"		}
,
		{
			"matrix": [
				-0.960878,					-0.276973,					-4.1507e-16,					0,
				0.276973,					-0.960878,					1.41383e-15,					0,
				-7.90424e-16,					1.24355e-15,					1,					0,
				0.249109,					-0.0299404,					-0.203244,					1
			]
			,"mesh": 45
			,"name": "RodBearing-1"		}
,
		{
			"matrix": [
				0.960878,					-0.276973,					-1.59891e-15,					0,
				0.276973,					0.960878,					-3.5982e-16,					0,
				1.63602e-15,					-9.71118e-17,					1,					0,
				0.172405,					-0.011595,					-0.115744,					1
			]
			,"mesh": 46
			,"name": "RodBearing-4"		}
,
		{
			"matrix": [
				-0.960878,					-0.276973,					8.22936e-16,					0,
				0.276973,					-0.960878,					1.36716e-16,					0,
				7.52874e-16,					3.59299e-16,					1,					0,
				0.249109,					-0.0299404,					0.0592559,					1
			]
			,"mesh": 47
			,"name": "RodBearing-5"		}
,
		{
			"children": [
				54, 55, 56, 57, 58, 59
			]
			,"matrix": [
				1,					-1.50461e-07,					-2.2057e-15,					0,
				1.50461e-07,					1,					-2.24912e-15,					0,
				2.2057e-15,					2.24912e-15,					1,					0,
				-0.150158,					-0.0385698,					-0.115131,					1
			]
			,"name": "Piston Assembly-5"		}
,
		{
			"matrix": [
				-0.924225,					-0.381849,					-1.32883e-15,					0,
				-1.35159e-15,					-2.08627e-16,					1,					0,
				-0.381849,					0.924225,					-3.23284e-16,					0,
				0.360915,					0.156416,					0.0576368,					1
			]
			,"mesh": 48
			,"name": "PistonPin-1"		}
,
		{
			"matrix": [
				1,					1.50461e-07,					2.2057e-15,					0,
				-1.50461e-07,					1,					2.24912e-15,					0,
				-2.2057e-15,					-2.24912e-15,					1,					0,
				0.360915,					0.174416,					0.0926368,					1
			]
			,"mesh": 49
			,"name": "Oilring-1"		}
,
		{
			"matrix": [
				1,					1.50461e-07,					2.2057e-15,					0,
				-1.50461e-07,					1,					2.24912e-15,					0,
				-2.2057e-15,					-2.24912e-15,					1,					0,
				0.360915,					0.182416,					0.0926368,					1
			]
			,"mesh": 50
			,"name": "CompressionRing-1"		}
,
		{
			"matrix": [
				1,					1.50461e-07,					2.2057e-15,					0,
				-1.50461e-07,					1,					2.24912e-15,					0,
				-2.2057e-15,					-2.24912e-15,					1,					0,
				0.360915,					0.178416,					0.0926368,					1
			]
			,"mesh": 51
			,"name": "CompressionRing-2"		}
,
		{
			"matrix": [
				-7.14112e-16,					2.96976e-15,					-1,					0,
				1.50461e-07,					-1,					-2.96976e-15,					0,
				-1,					-1.50461e-07,					7.14111e-16,					0,
				0.360915,					0.188416,					0.0926368,					1
			]
			,"mesh": 52
			,"name": "Piston Head-3"		}
,
		{
			"matrix": [
				0.276973,					0.960878,					2.87098e-15,					0,
				-0.960878,					0.276973,					-5.35084e-16,					0,
				-1.30933e-15,					-2.61046e-15,					1,					0,
				0.419699,					-0.0167964,					0.0868868,					1
			]
			,"mesh": 53
			,"name": "ConnectingRodMain-1"		}
,
		{
			"matrix": [
				-0.276973,					0.960878,					4.24413e-16,					0,
				-0.960878,					-0.276973,					1.5554e-15,					0,
				1.6121e-15,					2.29951e-17,					1,					0,
				0.352718,					-0.0158468,					-0.203244,					1
			]
			,"mesh": 54
			,"name": "ConnectingRodCap-2"		}
,
		{
			"matrix": [
				0.276973,					0.960878,					-3.5982e-16,					0,
				-0.960878,					0.276973,					1.59891e-15,					0,
				1.63602e-15,					-9.71118e-17,					1,					0,
				0.269541,					-0.0553663,					-0.0282441,					1
			]
			,"mesh": 55
			,"name": "ConnectingRodCap-3"		}
,
		{
			"matrix": [
				-0.276973,					0.960878,					-1.36716e-16,					0,
				-0.960878,					-0.276973,					9.82076e-17,					0,
				5.64987e-17,					1.58569e-16,					1,					0,
				0.352718,					-0.0158468,					0.0592559,					1
			]
			,"mesh": 56
			,"name": "ConnectingRodCap-4"		}
,
		{
			"matrix": [
				0.960878,					0.276973,					-1.5554e-15,					0,
				-0.276973,					0.960878,					4.24413e-16,					0,
				1.6121e-15,					2.29952e-17,					1,					0,
				0.247187,					-0.0304944,					-0.203244,					1
			]
			,"mesh": 57
			,"name": "RodBearing-6"		}
,
		{
			"matrix": [
				-0.276973,					-0.960878,					-1.06464e-15,					0,
				0.738061,					-0.212746,					0.640316,					0,
				-0.615266,					0.17735,					0.768111,					0,
				0.207528,					0.00829296,					-0.109994,					1
			]
			,"mesh": 58
			,"name": "hex flange screw_am-22"		}
,
		{
			"matrix": [
				0.276973,					-0.960878,					2.29065e-16,					0,
				0.959365,					0.276537,					-0.0560937,					0,
				0.0538992,					0.0155364,					0.998426,					0,
				0.213986,					-0.0100524,					-0.197494,					1
			]
			,"mesh": 59
			,"name": "hex flange screw_am-23"		}
,
		{
			"matrix": [
				-0.960878,					0.276973,					5.55923e-16,					0,
				-0.276973,					-0.960878,					-1.06464e-15,					0,
				2.39299e-16,					-1.17696e-15,					1,					0,
				0.174326,					-0.012149,					-0.115744,					1
			]
			,"mesh": 60
			,"name": "RodBearing-3"		}
,
		{
			"matrix": [
				-0.775613,					-0.22357,					-0.590288,					0,
				0.567195,					0.163494,					-0.807192,					0,
				0.276973,					-0.960878,					2.77556e-16,					0,
				0.281412,					-0.0470321,					-0.197494,					1
			]
			,"mesh": 61
			,"name": "hex flange nut_am-9"		}
,
		{
			"matrix": [
				0.924711,					-0.266548,					-0.271776,					0,
				0.261143,					-0.0752745,					0.962361,					0,
				-0.276973,					-0.960878,					-9.89368e-17,					0,
				0.140102,					-0.0286867,					-0.0224941,					1
			]
			,"mesh": 62
			,"name": "hex flange nut_am-13"		}
,
		{
			"matrix": [
				-0.276973,					-0.960878,					-9.89368e-17,					0,
				0.960808,					-0.276953,					0.0120334,					0,
				-0.0115626,					0.00333293,					0.999928,					0,
				0.155116,					0.0234007,					-0.0224941,					1
			]
			,"mesh": 63
			,"name": "hex flange screw_am-20"		}
,
		{
			"matrix": [
				-0.276973,					-0.960878,					-1.06464e-15,					0,
				0.960716,					-0.276926,					0.0183396,					0,
				-0.0176221,					0.00507957,					0.999832,					0,
				0.155116,					0.0234007,					-0.109994,					1
			]
			,"mesh": 64
			,"name": "hex flange screw_am-21"		}
,
		{
			"matrix": [
				-0.960878,					0.276973,					9.6138e-16,					0,
				-0.276973,					-0.960878,					-9.89367e-17,					0,
				8.96366e-16,					-3.61342e-16,					1,					0,
				0.174326,					-0.012149,					-0.0282441,					1
			]
			,"mesh": 65
			,"name": "RodBearing-2"		}
,
		{
			"matrix": [
				0.960878,					-0.276973,					-1.59891e-15,					0,
				0.276973,					0.960878,					-3.5982e-16,					0,
				1.63602e-15,					-9.71118e-17,					1,					0,
				0.172405,					-0.011595,					-0.0282441,					1
			]
			,"mesh": 66
			,"name": "RodBearing-7"		}
,
		{
			"matrix": [
				0.960878,					0.276973,					-9.82076e-17,					0,
				-0.276973,					0.960878,					-1.36716e-16,					0,
				5.64987e-17,					1.58569e-16,					1,					0,
				0.247187,					-0.0304944,					0.0592559,					1
			]
			,"mesh": 67
			,"name": "RodBearing-8"		}
,
		{
			"matrix": [
				0.276973,					0.960878,					-3.5982e-16,					0,
				-0.960878,					0.276973,					1.59891e-15,					0,
				1.63602e-15,					-9.71118e-17,					1,					0,
				0.269541,					-0.0553663,					-0.115744,					1
			]
			,"mesh": 68
			,"name": "ConnectingRodCap-1"		}
,
		{
			"children": [
				76, 77, 78, 79, 80, 81
			]
			,"matrix": [
				1,					-1.50461e-07,					-2.2057e-15,					0,
				1.50461e-07,					1,					-2.24912e-15,					0,
				2.2057e-15,					2.24912e-15,					1,					0,
				-0.0616372,					-0.369709,					-0.350222,					1
			]
			,"name": "Piston Assembly-6"		}
,
		{
			"matrix": [
				-0.924225,					-0.381849,					-1.32883e-15,					0,
				-1.35159e-15,					-2.08627e-16,					1,					0,
				-0.381849,					0.924225,					-3.23284e-16,					0,
				0.272394,					0.487555,					0.205228,					1
			]
			,"mesh": 69
			,"name": "PistonPin-1"		}
,
		{
			"matrix": [
				0.993239,					1.49444e-07,					-0.116087,					0,
				-1.50461e-07,					1,					3.18586e-15,					0,
				0.116087,					1.74666e-08,					0.993239,					0,
				0.272394,					0.513555,					0.240228,					1
			]
			,"mesh": 70
			,"name": "CompressionRing-1"		}
,
		{
			"matrix": [
				1,					1.50461e-07,					2.2057e-15,					0,
				-1.50461e-07,					1,					2.24912e-15,					0,
				-2.2057e-15,					-2.24912e-15,					1,					0,
				0.272394,					0.505555,					0.240228,					1
			]
			,"mesh": 71
			,"name": "Oilring-1"		}
,
		{
			"matrix": [
				1,					1.50461e-07,					2.2057e-15,					0,
				-1.50461e-07,					1,					2.24912e-15,					0,
				-2.2057e-15,					-2.24912e-15,					1,					0,
				0.272394,					0.509555,					0.240228,					1
			]
			,"mesh": 72
			,"name": "CompressionRing-2"		}
,
		{
			"matrix": [
				2.01423e-15,					3.18587e-15,					-1,					0,
				1.50461e-07,					-1,					-3.18586e-15,					0,
				-1,					-1.50461e-07,					-2.01423e-15,					0,
				0.272394,					0.519555,					0.240228,					1
			]
			,"mesh": 73
			,"name": "Piston Head-3"		}
,
		{
			"matrix": [
				0.276973,					0.960878,					3.83668e-15,					0,
				-0.960878,					0.276973,					-9.40541e-16,					0,
				-1.9664e-15,					-3.42608e-15,					1,					0,
				0.331178,					0.314343,					0.234478,					1
			]
			,"mesh": 74
			,"name": "ConnectingRodMain-1"		}
,
		{
			"matrix": [
				0.276973,					-0.960878,					1.12725e-16,					0,
				0.714586,					0.205979,					0.668535,					0,
				-0.64238,					-0.185166,					0.743681,					0,
				0.266336,					0.00503757,					0.0650059,					1
			]
			,"mesh": 75
			,"name": "hex flange screw_am-17"		}
,
		{
			"matrix": [
				-0.276973,					-0.960878,					-9.89367e-17,					0,
				-0.694135,					0.200084,					0.691479,					0,
				-0.664426,					0.191521,					-0.722397,					0,
				0.207528,					0.00829296,					-0.0224941,					1
			]
			,"mesh": 76
			,"name": "hex flange screw_am-19"		}
,
		{
			"matrix": [
				0.926508,					0.267066,					0.265062,					0,
				-0.254693,					-0.0734151,					0.964231,					0,
				0.276973,					-0.960878,					2.29065e-16,					0,
				0.229,					-0.0621398,					-0.197494,					1
			]
			,"mesh": 77
			,"name": "hex flange nut_am-11"		}
,
		{
			"matrix": [
				0.929273,					0.267863,					0.254365,					0,
				-0.244413,					-0.0704521,					0.967108,					0,
				0.276973,					-0.960878,					1.36716e-16,					0,
				0.228938,					-0.0621576,					0.0650059,					1
			]
			,"mesh": 78
			,"name": "hex flange nut_am-12"		}
,
		{
			"matrix": [
				0.922446,					-0.265895,					-0.279987,					0,
				0.269033,					-0.0775488,					0.960004,					0,
				-0.276973,					-0.960878,					-1.06464e-15,					0,
				0.192514,					-0.0437945,					-0.109994,					1
			]
			,"mesh": 79
			,"name": "hex flange nut_am-14"		}
,
		{
			"matrix": [
				0.924711,					-0.266548,					-0.271776,					0,
				0.261143,					-0.0752745,					0.962361,					0,
				-0.276973,					-0.960878,					-9.89367e-17,					0,
				0.192514,					-0.0437945,					-0.0224941,					1
			]
			,"mesh": 80
			,"name": "hex flange nut_am-15"		}
,
		{
			"matrix": [
				0.922446,					-0.265895,					-0.279987,					0,
				0.269033,					-0.0775488,					0.960004,					0,
				-0.276973,					-0.960878,					-1.06464e-15,					0,
				0.140102,					-0.0286867,					-0.109994,					1
			]
			,"mesh": 81
			,"name": "hex flange nut_am-10"		}
,
		{
			"matrix": [
				0.929273,					0.267863,					0.254365,					0,
				-0.244413,					-0.0704521,					0.967108,					0,
				0.276973,					-0.960878,					1.36716e-16,					0,
				0.28135,					-0.0470498,					0.0650059,					1
			]
			,"mesh": 82
			,"name": "hex flange nut_am-16"		}
,
		{
			"matrix": [
				1.29431e-14,					1,					2.34747e-16,					0,
				-0.860564,					1.12579e-14,					-0.509342,					0,
				-0.509342,					6.39044e-15,					0.860564,					0,
				0.17854,					-0.0611699,					0.108756,					1
			]
			,"mesh": 83
			,"name": "hex flange screw_am-26"		}
,
		{
			"matrix": [
				1.29431e-14,					1,					2.34747e-16,					0,
				-0.94254,					1.22778e-14,					-0.334092,					0,
				-0.334092,					4.10293e-15,					0.94254,					0,
				0.242974,					-0.0611699,					0.108756,					1
			]
			,"mesh": 84
			,"name": "hex flange screw_am-27"		}
,
		{
			"matrix": [
				1.29431e-14,					1,					2.34747e-16,					0,
				-0.678812,					8.95831e-15,					-0.734312,					0,
				-0.734312,					9.34492e-15,					0.678812,					0,
				0.242974,					-0.0611699,					0.0212559,					1
			]
			,"mesh": 85
			,"name": "hex flange screw_am-28"		}
,
		{
			"matrix": [
				1.29431e-14,					1,					2.34747e-16,					0,
				-0.594421,					7.88242e-15,					-0.804154,					0,
				-0.804154,					1.02687e-14,					0.594421,					0,
				0.17854,					-0.0611699,					0.0212559,					1
			]
			,"mesh": 86
			,"name": "hex flange screw_am-29"		}
,
		{
			"matrix": [
				-5.91646e-31,					7.57843e-31,					-1,					0,
				1.43946e-07,					1,					1.04277e-30,					0,
				1,					-1.43946e-07,					-1.03538e-30,					0,
				0.210757,					-0.0210447,					0.18783,					1
			]
			,"mesh": 87
			,"name": "hex flange screw_am-36"		}
,
		{
			"matrix": [
				-1,					1.30879e-14,					8.09195e-16,					0,
				1.27548e-14,					1,					2.94862e-16,					0,
				-8.09195e-16,					2.94862e-16,					-1,					0,
				0.212454,					0.0568842,					-0.257479,					1
			]
			,"mesh": 88
			,"name": "flywheelcap-1"		}
,
		{
			"matrix": [
				1.29431e-14,					1,					2.34747e-16,					0,
				-0.775218,					1.0182e-14,					-0.631694,					0,
				-0.631694,					7.99409e-15,					0.775218,					0,
				0.17854,					-0.0611699,					-0.153744,					1
			]
			,"mesh": 89
			,"name": "hex flange screw_am-33"		}
,
		{
			"matrix": [
				1.29431e-14,					1,					2.34747e-16,					0,
				-0.775218,					1.0182e-14,					-0.631694,					0,
				-0.631694,					7.99409e-15,					0.775218,					0,
				0.242974,					-0.0611699,					-0.241244,					1
			]
			,"mesh": 90
			,"name": "hex flange screw_am-34"		}
,
		{
			"matrix": [
				1,					0,					0,					0,
				0,					1,					0,					0,
				0,					0,					1,					0,
				0.23184,					0.0605324,					0.14933,					1
			]
			,"mesh": 91
			,"name": "pulleysidecover-1"		}
,
		{
			"matrix": [
				1.29431e-14,					1,					2.34747e-16,					0,
				-0.694131,					9.15319e-15,					-0.719848,					0,
				-0.719848,					9.15412e-15,					0.694131,					0,
				0.242974,					-0.0611699,					-0.0662441,					1
			]
			,"mesh": 92
			,"name": "hex flange screw_am-30"		}
,
		{
			"matrix": [
				1.29431e-14,					1,					2.34747e-16,					0,
				-0.792443,					1.03998e-14,					-0.609946,					0,
				-0.609946,					7.70856e-15,					0.792443,					0,
				0.17854,					-0.0611699,					-0.0662441,					1
			]
			,"mesh": 93
			,"name": "hex flange screw_am-31"		}
,
		{
			"matrix": [
				1.29431e-14,					1,					2.34747e-16,					0,
				-0.775218,					1.0182e-14,					-0.631694,					0,
				-0.631694,					7.99409e-15,					0.775218,					0,
				0.17854,					-0.0611699,					-0.241244,					1
			]
			,"mesh": 94
			,"name": "hex flange screw_am-35"		}
,
		{
			"matrix": [
				1.29431e-14,					1,					2.34747e-16,					0,
				-0.672467,					8.87754e-15,					-0.740128,					0,
				-0.740128,					9.42168e-15,					0.672467,					0,
				0.242974,					-0.0611699,					-0.153744,					1
			]
			,"mesh": 95
			,"name": "hex flange screw_am-32"		}
,
		{
			"matrix": [
				-0.238252,					-0.971203,					-8.78914e-18,					0,
				0.971203,					-0.238252,					3.91312e-16,					0,
				-3.82137e-16,					8.46948e-17,					1,					0,
				0.210757,					-0.0210447,					0.16933,					1
			]
			,"mesh": 96
			,"name": "crankpulley-1"		}
,
		{
			"matrix": [
				1,					-1.2888e-14,					1.5203e-16,					0,
				-1.2888e-14,					-1,					1.61562e-25,					0,
				1.5203e-16,					-1.61559e-25,					-1,					0,
				0.211988,					-0.070831,					-0.056575,					1
			]
			,"mesh": 97
			,"name": "oilpan-1"		}
,
		{
			"children": [
				106, 107, 108, 109, 110, 117, 124, 131, 138, 145, 152, 153, 154, 155, 162, 163, 164, 171, 178, 185, 192, 193, 200, 207, 208, 215, 222, 223, 224, 225, 232, 233, 234, 235, 236, 237, 238, 239, 242, 243, 246, 247, 248, 249, 250, 253, 254, 255, 256, 257, 258, 259, 260, 261, 262, 263, 264, 265, 268, 269, 270, 271, 272, 273, 274, 275, 276, 277, 278, 281, 284, 285, 286, 287, 288, 291, 292, 293, 294, 295, 298
			]
			,"matrix": [
				1,					0,					0,					0,
				0,					1,					0,					0,
				0,					0,					1,					0,
				0.00245429,					0.281138,					-0.164774,					1
			]
			,"name": "CylinderHead-1"		}
,
		{
			"matrix": [
				2.77057e-14,					2.39586e-15,					-1,					0,
				1,					-1.43948e-07,					2.77057e-14,					0,
				-1.43948e-07,					-1,					-2.39586e-15,					0,
				-0.0291079,					0.0262005,					0.434057,					1
			]
			,"mesh": 98
			,"name": "hex flange screw_am-15"		}
,
		{
			"matrix": [
				2.7861e-14,					7.88386e-16,					-1,					0,
				1,					-1.43948e-07,					2.7861e-14,					0,
				-1.43948e-07,					-1,					-7.8839e-16,					0,
				0.0906315,					0.0262005,					0.434057,					1
			]
			,"mesh": 99
			,"name": "hex flange screw_am-16"		}
,
		{
			"matrix": [
				-0.715882,					-0.698221,					1.98379e-15,					0,
				0.698221,					-0.715882,					-6.07411e-16,					0,
				1.84427e-15,					9.5029e-16,					1,					0,
				-0.0291079,					0.0262005,					0.417557,					1
			]
			,"mesh": 100
			,"name": "Campulley-2"		}
,
		{
			"matrix": [
				1,					0,					0,					0,
				0,					1,					0,					0,
				0,					0,					1,					0,
				0.0106811,					-0.083293,					0.150237,					1
			]
			,"mesh": 101
			,"name": "CylinderHead-1"		}
,
		{
			"children": [
				111, 112, 113, 114, 115, 116
			]
			,"matrix": [
				0.758542,					0.314199,					0.57087,					0,
				-0.382683,					0.92388,					8.82556e-17,					0,
				-0.527415,					-0.218463,					0.82104,					0,
				0.0157147,					-0.0419686,					0.0307983,					1
			]
			,"name": "Intake Valve Assembly-9"		}
,
		{
			"matrix": [
				-0.996171,					-3.2141e-16,					0.087426,					0,
				1.6784e-16,					-1,					-1.09143e-16,					0,
				0.087426,					-1.177e-16,					0.996171,					0,
				-0.00488128,					0.0599851,					0.021612,					1
			]
			,"mesh": 102
			,"name": "Valve Spring-7"		}
,
		{
			"matrix": [
				0.545149,					-4.06183e-16,					0.838339,					0,
				1.07863e-14,					1,					-6.52953e-15,					0,
				-0.838339,					1.26022e-14,					0.545149,					0,
				-0.00587487,					0.0553582,					0.0200841,					1
			]
			,"mesh": 103
			,"name": "Spring Lock-2"		}
,
		{
			"matrix": [
				1,					0,					0,					0,
				0,					1,					0,					0,
				0,					0,					1,					0,
				-0.00488128,					-0.0280198,					0.021612,					1
			]
			,"mesh": 104
			,"name": "Inlet Valve-1"		}
,
		{
			"matrix": [
				-0.868214,					8.6836e-17,					-0.496191,					0,
				-4.20845e-17,					-1,					-2.47958e-16,					0,
				-0.496191,					-2.95154e-16,					0.868214,					0,
				-0.00488128,					0.0639851,					0.021612,					1
			]
			,"mesh": 105
			,"name": "Cam Bucket-1"		}
,
		{
			"matrix": [
				-0.545149,					3.52407e-16,					-0.838339,					0,
				1.13638e-14,					1,					-6.88178e-15,					0,
				0.838339,					-1.30424e-14,					-0.545149,					0,
				-0.0038877,					0.0553582,					0.02314,					1
			]
			,"mesh": 106
			,"name": "Spring Lock-1"		}
,
		{
			"matrix": [
				0.786146,					4.38913e-16,					-0.61804,					0,
				-2.54822e-17,					1,					6.77756e-16,					0,
				0.61804,					-5.17066e-16,					0.786146,					0,
				-0.00488128,					0.0595509,					0.021612,					1
			]
			,"mesh": 107
			,"name": "Spring Seat-1"		}
,
		{
			"children": [
				118, 119, 120, 121, 122, 123
			]
			,"matrix": [
				0.914323,					0.378725,					-0.143459,					0,
				-0.382683,					0.92388,					1.17374e-16,					0,
				0.132539,					0.0548995,					0.989656,					0,
				0.00221212,					-0.0475616,					0.0576298,					1
			]
			,"name": "Intake Valve Assembly-10"		}
,
		{
			"matrix": [
				0.99659,					-6.27072e-17,					0.0825153,					0,
				5.88427e-17,					1,					4.92658e-17,					0,
				-0.0825153,					-4.42424e-17,					0.99659,					0,
				-0.00488128,					0.0595509,					0.021612,					1
			]
			,"mesh": 108
			,"name": "Spring Seat-1"		}
,
		{
			"matrix": [
				-0.789183,					5.29701e-17,					-0.614158,					0,
				6.95207e-17,					-1,					-1.75581e-16,					0,
				-0.614158,					-1.81263e-16,					0.789183,					0,
				-0.00488128,					0.0599851,					0.021612,					1
			]
			,"mesh": 109
			,"name": "Valve Spring-7"		}
,
		{
			"matrix": [
				-0.177672,					-8.45468e-16,					0.98409,					0,
				1.25651e-14,					1,					3.16604e-15,					0,
				-0.98409,					1.29855e-14,					-0.177672,					0,
				-0.00455746,					0.0553582,					0.0198184,					1
			]
			,"mesh": 110
			,"name": "Spring Lock-2"		}
,
		{
			"matrix": [
				1,					0,					0,					0,
				0,					1,					0,					0,
				0,					0,					1,					0,
				-0.00488128,					-0.0280198,					0.021612,					1
			]
			,"mesh": 111
			,"name": "Inlet Valve-1"		}
,
		{
			"matrix": [
				0.177672,					1.15425e-15,					-0.98409,					0,
				1.28587e-14,					1,					3.49448e-15,					0,
				0.98409,					-1.3275e-14,					0.177672,					0,
				-0.00520511,					0.0553582,					0.0234056,					1
			]
			,"mesh": 112
			,"name": "Spring Lock-1"		}
,
		{
			"matrix": [
				-0.789183,					-2.541e-18,					-0.614158,					0,
				1.13423e-16,					-1,					-1.41609e-16,					0,
				-0.614158,					-1.81415e-16,					0.789183,					0,
				-0.00488128,					0.0639851,					0.021612,					1
			]
			,"mesh": 113
			,"name": "Cam Bucket-1"		}
,
		{
			"children": [
				125, 126, 127, 128, 129, 130
			]
			,"matrix": [
				0.883268,					0.365862,					-0.293227,					0,
				-0.382683,					0.92388,					4.13986e-16,					0,
				0.270907,					0.112213,					0.956043,					0,
				0.00275004,					-0.0577471,					0.111163,					1
			]
			,"name": "Intake Valve Assembly-11"		}
,
		{
			"matrix": [
				-0.683953,					-2.61223e-16,					-0.729526,					0,
				2.91733e-16,					-1,					8.45634e-17,					0,
				-0.729526,					-1.54989e-16,					0.683953,					0,
				-0.00488128,					0.0599851,					0.021612,					1
			]
			,"mesh": 114
			,"name": "Valve Spring-7"		}
,
		{
			"matrix": [
				1,					0,					0,					0,
				0,					1,					0,					0,
				0,					0,					1,					0,
				-0.00488128,					-0.0280198,					0.021612,					1
			]
			,"mesh": 115
			,"name": "Inlet Valve-1"		}
,
		{
			"matrix": [
				0.326195,					8.94244e-16,					-0.945303,					0,
				1.31124e-14,					1,					5.47068e-15,					0,
				0.945303,					-1.41797e-14,					0.326195,					0,
				-0.0054758,					0.0553582,					0.0233349,					1
			]
			,"mesh": 116
			,"name": "Spring Lock-1"		}
,
		{
			"matrix": [
				-0.326195,					-9.23734e-16,					0.945303,					0,
				1.22848e-14,					1,					5.2163e-15,					0,
				-0.945303,					1.33144e-14,					-0.326195,					0,
				-0.00428676,					0.0553582,					0.0198891,					1
			]
			,"mesh": 117
			,"name": "Spring Lock-2"		}
,
		{
			"matrix": [
				0.971594,					2.53276e-16,					0.236652,					0,
				-2.55877e-16,					1,					-1.97228e-17,					0,
				-0.236652,					-4.13913e-17,					0.971594,					0,
				-0.00488128,					0.0595509,					0.021612,					1
			]
			,"mesh": 118
			,"name": "Spring Seat-1"		}
,
		{
			"matrix": [
				-0.683953,					-1.502e-16,					-0.729526,					0,
				1.97438e-16,					-1,					2.07833e-17,					0,
				-0.729526,					-1.29821e-16,					0.683953,					0,
				-0.00488128,					0.0639851,					0.021612,					1
			]
			,"mesh": 119
			,"name": "Cam Bucket-1"		}
,
		{
			"children": [
				132, 133, 134, 135, 136, 137
			]
			,"matrix": [
				-0.859281,					-0.355926,					-0.367359,					0,
				-0.382683,					0.92388,					4.32724e-16,					0,
				0.339396,					0.140582,					-0.930079,					0,
				-0.00723601,					-0.0618835,					0.185526,					1
			]
			,"name": "Intake Valve Assembly-12"		}
,
		{
			"matrix": [
				-0.397765,					-1.73244e-15,					-0.917487,					0,
				-1.23397e-14,					1,					3.46147e-15,					0,
				0.917487,					1.26984e-14,					-0.397765,					0,
				-0.00415632,					0.0553582,					0.0232842,					1
			]
			,"mesh": 120
			,"name": "Spring Lock-2"		}
,
		{
			"matrix": [
				0.997196,					9.36428e-17,					-0.0748325,					0,
				1.80172e-17,					1,					-1.55734e-16,					0,
				0.0748325,					1.14121e-16,					0.997196,					0,
				-0.00488129,					0.0595509,					0.021612,					1
			]
			,"mesh": 121
			,"name": "Spring Seat-1"		}
,
		{
			"matrix": [
				-0.875751,					-1.6609e-16,					-0.482763,					0,
				1.78508e-17,					-1,					2.743e-16,					0,
				-0.482763,					2.23881e-16,					0.875751,					0,
				-0.00488129,					0.0599851,					0.021612,					1
			]
			,"mesh": 122
			,"name": "Valve Spring-7"		}
,
		{
			"matrix": [
				0.397765,					1.51907e-15,					0.917487,					0,
				-1.26475e-14,					1,					3.82748e-15,					0,
				-0.917487,					-1.31264e-14,					0.397765,					0,
				-0.00560625,					0.0553582,					0.0199398,					1
			]
			,"mesh": 123
			,"name": "Spring Lock-1"		}
,
		{
			"matrix": [
				-0.875751,					-1.93845e-16,					-0.482763,					0,
				7.77379e-17,					-1,					2.57623e-16,					0,
				-0.482763,					1.12859e-16,					0.875751,					0,
				-0.00488129,					0.0639851,					0.021612,					1
			]
			,"mesh": 124
			,"name": "Cam Bucket-1"		}
,
		{
			"matrix": [
				1,					0,					0,					0,
				0,					1,					0,					0,
				0,					0,					1,					0,
				-0.00488128,					-0.0280198,					0.021612,					1
			]
			,"mesh": 125
			,"name": "Inlet Valve-1"		}
,
		{
			"children": [
				139, 140, 141, 142, 143, 144
			]
			,"matrix": [
				0.206921,					0.0857095,					-0.974596,					0,
				-0.382683,					0.92388,					4.63698e-16,					0,
				0.900409,					0.372962,					0.22397,					0,
				-0.0178361,					-0.0558658,					0.211158,					1
			]
			,"name": "Intake Valve Assembly-13"		}
,
		{
			"matrix": [
				-0.348326,					4.55349e-18,					-0.937373,					0,
				1.02173e-16,					-1,					-4.28248e-17,					0,
				-0.937373,					-1.10691e-16,					0.348326,					0,
				-0.00488128,					0.0599851,					0.021612,					1
			]
			,"mesh": 126
			,"name": "Valve Spring-7"		}
,
		{
			"matrix": [
				0.980056,					7.42089e-16,					-0.19872,					0,
				2.04112e-15,					1,					1.38398e-14,					0,
				0.19872,					-1.39213e-14,					0.980056,					0,
				-0.00666753,					0.0553582,					0.0219742,					1
			]
			,"mesh": 127
			,"name": "Spring Lock-1"		}
,
		{
			"matrix": [
				-0.980056,					-9.31174e-16,					0.19872,					0,
				1.68447e-15,					1,					1.29889e-14,					0,
				-0.19872,					1.30887e-14,					-0.980056,					0,
				-0.00309504,					0.0553582,					0.0212498,					1
			]
			,"mesh": 128
			,"name": "Spring Lock-2"		}
,
		{
			"matrix": [
				-0.348326,					-5.09577e-17,					-0.937373,					0,
				1.55987e-16,					-1,					-1.41091e-16,					0,
				-0.937373,					-1.5777e-16,					0.348326,					0,
				-0.00488128,					0.0639851,					0.021612,					1
			]
			,"mesh": 129
			,"name": "Cam Bucket-1"		}
,
		{
			"matrix": [
				0.804299,					-2.42088e-17,					0.594225,					0,
				-6.96806e-18,					1,					5.01715e-17,					0,
				-0.594225,					-4.44935e-17,					0.804299,					0,
				-0.00488128,					0.0595509,					0.021612,					1
			]
			,"mesh": 130
